"pi -> RegularContinuedFraction by Chudnovsky_algorithm"
(0,3)
(1,7)
(2,15)
(3,1)
(4,292)
(5,1)
(6,1)
(7,1)
(8,2)
(9,1)
(10,3)
(11,1)
(12,14)
(13,2)
(14,1)
(15,1)
(16,2)
(17,2)
(18,2)
(19,2)
(20,1)
(21,84)
(22,2)
(23,1)
(24,1)
(25,15)
(26,3)
(27,13)
(28,1)
(29,4)
(30,2)
(31,6)
(32,6)
(33,99)
(34,1)
(35,2)
(36,2)
(37,6)
(38,3)
(39,5)
(40,1)
(41,1)
(42,6)
(43,8)
(44,1)
(45,7)
(46,1)
(47,2)
(48,3)
(49,7)
(50,1)
(51,2)
(52,1)
(53,1)
(54,12)
(55,1)
(56,1)
(57,1)
(58,3)
(59,1)
(60,1)
(61,8)
(62,1)
(63,1)
(64,2)
(65,1)
(66,6)
(67,1)
(68,1)
(69,5)
(70,2)
(71,2)
(72,3)
(73,1)
(74,2)
(75,4)
(76,4)
(77,16)
(78,1)
(79,161)
(80,45)
(81,1)
(82,22)
(83,1)
(84,2)
(85,2)
(86,1)
(87,4)
(88,1)
(89,2)
(90,24)
(91,1)
(92,2)
(93,1)
(94,3)
(95,1)
(96,2)
(97,1)
(98,1)
(99,10)
(100,2)
(101,5)
(102,4)
(103,1)
(104,2)
(105,2)
(106,8)
(107,1)
(108,5)
(109,2)
(110,2)
(111,26)
(112,1)
(113,4)
(114,1)
(115,1)
(116,8)
(117,2)
(118,42)
(119,2)
(120,1)
(121,7)
(122,3)
(123,3)
(124,1)
(125,1)
(126,7)
(127,2)
(128,4)
(129,9)
(130,7)
(131,2)
(132,3)
(133,1)
(134,57)
(135,1)
(136,18)
(137,1)
(138,9)
(139,19)
(140,1)
(141,2)
(142,18)
(143,1)
(144,3)
(145,7)
(146,30)
(147,1)
(148,1)
(149,1)
(150,3)
(151,3)
(152,3)
(153,1)
(154,2)
(155,8)
(156,1)
(157,1)
(158,2)
(159,1)
(160,15)
(161,1)
(162,2)
(163,13)
(164,1)
(165,2)
(166,1)
(167,4)
(168,1)
(169,12)
(170,1)
(171,1)
(172,3)
(173,3)
(174,28)
(175,1)
(176,10)
(177,3)
(178,2)
(179,20)
(180,1)
(181,1)
(182,1)
(183,1)
(184,4)
(185,1)
(186,1)
(187,1)
(188,5)
(189,3)
(190,2)
(191,1)
(192,6)
(193,1)
(194,4)
(195,1)
(196,120)
(197,2)
(198,1)
(199,1)
(200,3)
(201,1)
(202,23)
(203,1)
(204,15)
(205,1)
(206,3)
(207,7)
(208,1)
(209,16)
(210,1)
(211,2)
(212,1)
(213,21)
(214,2)
(215,1)
(216,1)
(217,2)
(218,9)
(219,1)
(220,6)
(221,4)
(222,127)
(223,14)
(224,5)
(225,1)
(226,3)
(227,13)
(228,7)
(229,9)
(230,1)
(231,1)
(232,1)
(233,1)
(234,1)
(235,5)
(236,4)
(237,1)
(238,1)
(239,3)
(240,1)
(241,1)
(242,29)
(243,3)
(244,1)
(245,1)
(246,2)
(247,2)
(248,1)
(249,3)
(250,1)
(251,1)
(252,1)
(253,3)
(254,1)
(255,1)
(256,10)
(257,3)
(258,1)
(259,3)
(260,1)
(261,2)
(262,1)
(263,12)
(264,1)
(265,4)
(266,1)
(267,1)
(268,1)
(269,1)
(270,7)
(271,1)
(272,1)
(273,2)
(274,1)
(275,11)
(276,3)
(277,1)
(278,7)
(279,1)
(280,4)
(281,1)
(282,48)
(283,16)
(284,1)
(285,4)
(286,5)
(287,2)
(288,1)
(289,1)
(290,4)
(291,3)
(292,1)
(293,2)
(294,3)
(295,1)
(296,2)
(297,2)
(298,1)
(299,2)
(300,5)
(301,20)
(302,1)
(303,1)
(304,5)
(305,4)
(306,1)
(307,436)
(308,8)
(309,1)
(310,2)
(311,2)
(312,1)
(313,1)
(314,1)
(315,1)
(316,1)
(317,5)
(318,1)
(319,2)
(320,1)
(321,3)
(322,6)
(323,11)
(324,4)
(325,3)
(326,1)
(327,1)
(328,1)
(329,2)
(330,5)
(331,4)
(332,6)
(333,9)
(334,1)
(335,5)
(336,1)
(337,5)
(338,15)
(339,1)
(340,11)
(341,24)
(342,4)
(343,4)
(344,5)
(345,2)
(346,1)
(347,4)
(348,1)
(349,6)
(350,1)
(351,1)
(352,1)
(353,4)
(354,3)
(355,2)
(356,2)
(357,1)
(358,1)
(359,2)
(360,1)
(361,58)
(362,5)
(363,1)
(364,2)
(365,1)
(366,2)
(367,1)
(368,1)
(369,2)
(370,2)
(371,7)
(372,1)
(373,15)
(374,1)
(375,4)
(376,8)
(377,1)
(378,1)
(379,4)
(380,2)
(381,1)
(382,1)
(383,1)
(384,3)
(385,1)
(386,1)
(387,1)
(388,2)
(389,1)
(390,1)
(391,1)
(392,1)
(393,1)
(394,9)
(395,1)
(396,4)
(397,3)
(398,15)
(399,1)
(400,2)
(401,1)
(402,13)
(403,1)
(404,1)
(405,1)
(406,3)
(407,24)
(408,1)
(409,2)
(410,4)
(411,10)
(412,5)
(413,12)
(414,3)
(415,3)
(416,21)
(417,1)
(418,2)
(419,1)
(420,34)
(421,1)
(422,1)
(423,1)
(424,4)
(425,15)
(426,1)
(427,4)
(428,44)
(429,1)
(430,4)
(431,20776)
(432,1)
(433,1)
(434,1)
(435,1)
(436,1)
(437,1)
(438,1)
(439,23)
(440,1)
(441,7)
(442,2)
(443,1)
(444,94)
(445,55)
(446,1)
(447,1)
(448,2)
(449,1)
(450,1)
(451,3)
(452,1)
(453,1)
(454,32)
(455,5)
(456,1)
(457,14)
(458,1)
(459,1)
(460,1)
(461,1)
(462,1)
(463,3)
(464,50)
(465,2)
(466,16)
(467,5)
(468,1)
(469,2)
(470,1)
(471,4)
(472,6)
(473,3)
(474,1)
(475,3)
(476,3)
(477,1)
(478,2)
(479,2)
(480,2)
(481,5)
(482,2)
(483,2)
(484,2)
(485,28)
(486,1)
(487,1)
(488,13)
(489,1)
(490,5)
(491,43)
(492,1)
(493,4)
(494,3)
(495,5)
(496,3)
(497,1)
(498,4)
(499,1)
(500,1)
(501,2)
(502,2)
(503,1)
(504,1)
(505,19)
(506,2)
(507,7)
(508,1)
(509,72)
(510,3)
(511,1)
(512,2)
(513,3)
(514,7)
(515,11)
(516,1)
(517,2)
(518,1)
(519,1)
(520,2)
(521,2)
(522,1)
(523,1)
(524,2)
(525,1)
(526,1)
(527,1)
(528,1)
(529,1)
(530,33)
(531,7)
(532,19)
(533,1)
(534,19)
(535,3)
(536,1)
(537,4)
(538,1)
(539,1)
(540,1)
(541,1)
(542,2)
(543,3)
(544,1)
(545,3)
(546,2)
(547,2)
(548,2)
(549,2)
(550,4)
(551,1)
(552,1)
(553,1)
(554,4)
(555,2)
(556,3)
(557,1)
(558,1)
(559,1)
(560,1)
(561,11)
(562,1)
(563,1)
(564,2)
(565,1)
(566,2)
(567,1)
(568,2)
(569,2)
(570,1)
(571,7)
(572,2)
(573,27)
(574,1)
(575,1)
(576,6)
(577,2)
(578,1)
(579,9)
(580,6)
(581,26)
(582,1)
(583,1)
(584,3)
(585,2)
(586,1)
(587,1)
(588,1)
(589,1)
(590,1)
(591,15)
(592,1)
(593,36)
(594,4)
(595,2)
(596,2)
(597,1)
(598,22)
(599,2)
(600,1)
(601,106)
(602,2)
(603,2)
(604,1)
(605,3)
(606,1)
(607,12)
(608,10)
(609,7)
(610,1)
(611,2)
(612,1)
(613,1)
(614,1)
(615,1)
(616,8)
(617,2)
(618,4)
(619,5)
(620,3)
(621,2)
(622,1)
(623,4)
(624,23)
(625,1)
(626,18)
(627,2)
(628,10)
(629,3)
(630,1)
(631,6)
(632,6)
(633,13)
(634,8)
(635,6)
(636,2)
(637,2)
(638,2)
(639,2)
(640,1)
(641,1)
(642,1)
(643,3)
(644,1)
(645,7)
(646,17)
(647,1)
(648,1)
(649,1)
(650,2)
(651,5)
(652,5)
(653,1)
(654,1)
(655,2)
(656,11)
(657,1)
(658,6)
(659,1)
(660,6)
(661,1)
(662,29)
(663,4)
(664,29)
(665,3)
(666,5)
(667,3)
(668,1)
(669,141)
(670,1)
(671,2)
(672,7)
(673,7)
(674,2)
(675,2)
(676,7)
(677,1)
(678,1)
(679,7)
(680,1)
(681,7)
(682,1)
(683,2)
(684,4)
(685,1)
(686,1)
(687,1)
(688,30)
(689,1)
(690,12)
(691,4)
(692,18)
(693,10)
(694,2)
(695,8)
(696,1)
(697,2)
(698,2)
(699,2)
(700,4)
(701,13)
(702,1)
(703,5)
(704,4)
(705,1)
(706,6)
(707,1)
(708,1)
(709,11)
(710,2)
(711,4)
(712,2)
(713,1)
(714,1)
(715,3)
(716,3)
(717,12)
(718,1)
(719,1)
(720,39)
(721,5)
(722,1)
(723,1)
(724,16)
(725,125)
(726,1)
(727,4)
(728,1)
(729,2)
(730,1)
(731,19)
(732,1)
(733,4)
(734,1)
(735,1)
(736,2)
(737,1)
(738,4)
(739,1)
(740,10)
(741,1)
(742,4)
(743,2)
(744,1)
(745,1)
(746,1)
(747,5)
(748,10)
(749,4)
(750,14)
(751,1)
(752,13)
(753,41)
(754,1)
(755,4)
(756,1)
(757,8)
(758,1)
(759,1)
(760,2)
(761,1)
(762,3)
(763,1)
(764,6)
(765,1)
(766,3)
(767,2)
(768,2)
(769,2)
(770,1)
(771,4)
(772,1)
(773,14)
(774,1)
(775,2)
(776,8)
(777,1)
(778,8)
(779,3)
(780,3)
(781,3)
(782,1)
(783,37)
(784,4)
(785,2)
(786,4)
(787,1)
(788,3)
(789,4)
(790,25)
(791,4)
(792,27)
(793,2)
(794,7)
(795,1)
(796,1)
(797,2)
(798,6)
(799,1)
(800,1)
(801,1)
(802,12)
(803,1)
(804,2)
(805,2)
(806,2)
(807,13)
(808,12)
(809,1)
(810,3)
(811,1)
(812,6)
(813,1)
(814,1)
(815,33)
(816,1)
(817,5)
(818,3)
(819,1)
(820,5)
(821,15)
(822,8)
(823,8)
(824,47)
(825,1)
(826,3)
(827,2)
(828,12)
(829,2)
(830,12)
(831,1)
(832,12)
(833,1)
(834,2)
(835,5)
(836,3)
(837,1)
(838,1)
(839,1)
(840,1)
(841,2)
(842,3)
(843,5)
(844,4)
(845,2)
(846,1)
(847,1)
(848,5)
(849,1)
(850,9)
(851,14)
(852,1)
(853,1)
(854,3)
(855,2)
(856,1)
(857,9)
(858,3)
(859,22)
(860,13)
(861,1)
(862,1)
(863,3)
(864,20)
(865,1)
(866,1)
(867,61)
(868,1)
(869,376)
(870,2)
(871,107)
(872,1)
(873,10)
(874,3)
(875,2)
(876,2)
(877,31)
(878,1)
(879,2)
(880,10)
(881,2)
(882,2)
(883,62)
(884,2)
(885,2)
(886,7)
(887,4)
(888,5)
(889,6)
(890,1)
(891,1)
(892,1)
(893,1)
(894,2)
(895,8)
(896,2)
(897,73)
(898,3)
(899,5)
(900,42)
(901,1)
(902,3)
(903,2)
(904,1)
(905,1)
(906,59)
(907,6)
(908,1)
(909,1)
(910,1)
(911,5)
(912,1)
(913,6)
(914,1)
(915,2)
(916,6)
(917,1)
(918,1)
(919,1)
(920,1)
(921,3)
(922,2)
(923,1)
(924,3)
(925,1)
(926,8)
(927,1)
(928,4)
(929,2)
(930,5)
(931,4)
(932,7)
(933,1)
(934,4)
(935,2)
(936,2)
(937,6)
(938,1)
(939,1)
(940,2)
(941,2)
(942,1)
(943,1)
(944,1)
(945,1)
(946,1)
(947,2)
(948,1)
(949,2)
(950,2)
(951,5)
(952,1)
(953,2)
(954,1)
(955,1)
(956,10)
(957,1)
(958,6)
(959,1)
(960,129)
(961,1)
(962,4)
(963,65)
(964,2)
(965,4)
(966,4)
(967,3)
(968,2)
(969,3)
(970,1)
(971,1)
(972,5)
(973,1)
(974,1)
(975,1)
(976,1)
(977,1)
(978,2)
(979,2)
(980,1)
(981,2)
(982,1)
(983,1)
(984,2)
(985,2)
(986,1)
(987,2)
(988,3)
(989,1)
(990,2)
(991,1)
(992,2)
(993,4)
(994,2)
(995,1)
(996,2)
(997,27)
(998,6)
(999,2)
(1000,1)
(1001,193)
(1002,1)
(1003,3)
(1004,9)
(1005,1)
(1006,3)
(1007,35)
(1008,2)
(1009,1)
(1010,8)
(1011,1)
(1012,1)
(1013,1)
(1014,1)
(1015,9)
(1016,3)
(1017,56)
(1018,1)
(1019,6)
(1020,6)
(1021,2)
(1022,8)
(1023,1)
(1024,8)
(1025,1)
(1026,2)
(1027,3)
(1028,6)
(1029,3)
(1030,1)
(1031,3)
(1032,1)
(1033,1)
(1034,1)
(1035,2)
(1036,13)
(1037,1)
(1038,1)
(1039,1)
(1040,1)
(1041,13)
(1042,2)
(1043,1)
(1044,3)
(1045,1)
(1046,3)
(1047,15)
(1048,2)
(1049,1)
(1050,1)
(1051,2)
(1052,4)
(1053,1)
(1054,4)
(1055,5)
(1056,2)
(1057,2)
(1058,1)
(1059,2)
(1060,1)
(1061,6)
(1062,1)
(1063,4)
(1064,12)
(1065,1)
(1066,1)
(1067,1)
(1068,1)
(1069,13)
(1070,1)
(1071,3)
(1072,4)
(1073,1)
(1074,1)
(1075,1)
(1076,2)
(1077,9)
(1078,1)
(1079,7)
(1080,1)
(1081,1)
(1082,1)
(1083,1)
(1084,4)
(1085,1)
(1086,3)
(1087,4)
(1088,1)
(1089,1)
(1090,4)
(1091,3)
(1092,1)
(1093,39)
(1094,2)
(1095,1)
(1096,1)
(1097,1)
(1098,1)
(1099,1)
(1100,4)
(1101,7)
(1102,2)
(1103,2)
(1104,2)
(1105,1)
(1106,1)
(1107,1)
(1108,1)
(1109,2)
(1110,114)
(1111,12)
(1112,4)
(1113,1)
(1114,3)
(1115,2)
(1116,1)
(1117,19)
(1118,1)
(1119,1)
(1120,2)
(1121,1)
(1122,1)
(1123,3)
(1124,4)
(1125,1)
(1126,60)
(1127,3)
(1128,72)
(1129,2)
(1130,1)
(1131,1)
(1132,1)
(1133,50)
(1134,1)
(1135,1)
(1136,1)
(1137,1)
(1138,3)
(1139,1)
(1140,1)
(1141,2)
(1142,2)
(1143,1)
(1144,4)
(1145,1)
(1146,7)
(1147,3)
(1148,1)
(1149,2)
(1150,1)
(1151,5)
(1152,1)
(1153,1)
(1154,1)
(1155,2)
(1156,6)
(1157,2)
(1158,21)
(1159,2)
(1160,6)
(1161,1)
(1162,6)
(1163,1)
(1164,1)
(1165,2)
(1166,1)
(1167,7)
(1168,1)
(1169,8)
(1170,1)
(1171,1)
(1172,5)
(1173,4)
(1174,1)
(1175,1)
(1176,1)
(1177,1)
(1178,1)
(1179,1)
(1180,1)
(1181,1)
(1182,4)
(1183,1)
(1184,11)
(1185,2)
(1186,4)
(1187,10)
(1188,2)
(1189,1)
(1190,1)
(1191,13)
(1192,1)
(1193,1)
(1194,7)
(1195,15)
(1196,1)
(1197,1)
(1198,1)
(1199,2)
(1200,3)
(1201,15)
(1202,8)
(1203,8)
(1204,2)
(1205,1)
(1206,13)
(1207,3)
(1208,5)
(1209,1)
(1210,2)
(1211,1)
(1212,6)
(1213,1)
(1214,10)
(1215,123)
(1216,3)
(1217,1)
(1218,4)
(1219,59)
(1220,4)
(1221,156)
(1222,88)
(1223,1)
(1224,5)
(1225,4)
(1226,1)
(1227,3)
(1228,1)
(1229,4)
(1230,2)
(1231,9)
(1232,1)
(1233,7)
(1234,4)
(1235,2)
(1236,1)
(1237,2)
(1238,3)
(1239,2)
(1240,1)
(1241,2)
(1242,11)
(1243,1)
(1244,13)
(1245,7)
(1246,7)
(1247,1)
(1248,63)
(1249,37)
(1250,12)
(1251,86)
(1252,1)
(1253,1)
(1254,1)
(1255,1)
(1256,2)
(1257,2)
(1258,4)
(1259,2)
(1260,18)
(1261,1)
(1262,1)
(1263,1)
(1264,41)
(1265,2)
(1266,1)
(1267,1)
(1268,12)
(1269,1)
(1270,2)
(1271,1)
(1272,1)
(1273,2)
(1274,10)
(1275,1)
(1276,1)
(1277,1)
(1278,5)
(1279,1)
(1280,1)
(1281,3)
(1282,1)
(1283,7)
(1284,5)
(1285,1)
(1286,9)
(1287,1)
(1288,2)
(1289,2)
(1290,7)
(1291,1)
(1292,1)
(1293,5)
(1294,2)
(1295,1)
(1296,3)
(1297,3)
(1298,5)
(1299,2)
(1300,1)
(1301,11)
(1302,3)
(1303,1)
(1304,3)
(1305,2)
(1306,1)
(1307,1)
(1308,2)
(1309,1)
(1310,14)
(1311,5)
(1312,2)
(1313,2)
(1314,1)
(1315,1)
(1316,1)
(1317,1)
(1318,3)
(1319,1)
(1320,3)
(1321,3)
(1322,2)
(1323,2)
(1324,1)
(1325,3)
(1326,2)
(1327,1)
(1328,2)
(1329,1)
(1330,4)
(1331,1)
(1332,14)
(1333,1)
(1334,1)
(1335,58)
(1336,7)
(1337,1)
(1338,2)
(1339,1)
(1340,1)
(1341,5)
(1342,1)
(1343,2)
(1344,1)
(1345,5)
(1346,18)
(1347,1)
(1348,4)
(1349,3)
(1350,1)
(1351,1)
(1352,1)
(1353,4)
(1354,1)
(1355,1)
(1356,2)
(1357,5)
(1358,1)
(1359,148)
(1360,1)
(1361,9)
(1362,2)
(1363,1)
(1364,2)
(1365,1)
(1366,5)
(1367,4)
(1368,93)
(1369,1)
(1370,1)
(1371,2)
(1372,4)
(1373,1)
(1374,2)
(1375,73)
(1376,1)
(1377,1)
(1378,3)
(1379,1)
(1380,1)
(1381,1)
(1382,1)
(1383,2)
(1384,1)
(1385,34)
(1386,1)
(1387,5)
(1388,6)
(1389,1)
(1390,2)
(1391,1)
(1392,3)
(1393,4)
(1394,1)
(1395,16)
(1396,28)
(1397,17)
(1398,2)
(1399,5)
(1400,5)
(1401,26)
(1402,1)
(1403,1)
(1404,4)
(1405,12)
(1406,1)
(1407,3)
(1408,2)
(1409,1)
(1410,5)
(1411,1)
(1412,2)
(1413,9)
(1414,3)
(1415,2)
(1416,41)
(1417,1)
(1418,16)
(1419,2)
(1420,2)
(1421,20)
(1422,1)
(1423,17)
(1424,1)
(1425,6)
(1426,16)
(1427,3)
(1428,3)
(1429,2)
(1430,2)
(1431,2)
(1432,18)
(1433,15)
(1434,1)
(1435,1)
(1436,51)
(1437,4)
(1438,9)
(1439,5)
(1440,2)
(1441,2)
(1442,1)
(1443,2)
(1444,1)
(1445,45)
(1446,3)
(1447,1)
(1448,1)
(1449,3)
(1450,1)
(1451,2)
(1452,1)
(1453,3)
(1454,1)
(1455,1)
(1456,3)
(1457,5)
(1458,1)
(1459,2)
(1460,3)
(1461,8)
(1462,2)
(1463,47)
(1464,2)
(1465,3)
(1466,1)
(1467,1)
(1468,1)
(1469,15)
(1470,9)
(1471,1)
(1472,8)
(1473,2)
(1474,1)
(1475,4)
(1476,2)
(1477,4)
(1478,14)
(1479,1)
(1480,12)
(1481,2)
(1482,1)
(1483,161)
(1484,1)
(1485,26)
(1486,2)
(1487,1)
(1488,2)
(1489,1)
(1490,1)
(1491,1)
(1492,1)
(1493,2)
(1494,2)
(1495,1)
(1496,18)
(1497,528)
(1498,12)
(1499,4)
(1500,1)
(1501,5)
(1502,16)
(1503,3)
(1504,1)
(1505,1)
(1506,1)
(1507,1)
(1508,1)
(1509,5)
(1510,1)
(1511,2)
(1512,1)
(1513,63)
(1514,1)
(1515,97)
(1516,1)
(1517,4)
(1518,4)
(1519,10)
(1520,5)
(1521,9)
(1522,5)
(1523,2)
(1524,3)
(1525,2)
(1526,5)
(1527,7)
(1528,1)
(1529,32)
(1530,13)
(1531,1)
(1532,5)
(1533,4)
(1534,1)
(1535,7)
(1536,1)
(1537,3)
(1538,12)
(1539,1)
(1540,3)
(1541,9)
(1542,1)
(1543,7)
(1544,1)
(1545,102)
(1546,53)
(1547,1)
(1548,1)
(1549,1)
(1550,3)
(1551,4)
(1552,2)
(1553,15)
(1554,2)
(1555,8)
(1556,2)
(1557,2)
(1558,3)
(1559,1)
(1560,2)
(1561,4)
(1562,1)
(1563,1)
(1564,3)
(1565,2)
(1566,3)
(1567,1)
(1568,1)
(1569,2)
(1570,3)
(1571,1)
(1572,1)
(1573,6)
(1574,1)
(1575,1)
(1576,14)
(1577,1)
(1578,80)
(1579,11)
(1580,1)
(1581,1)
(1582,1)
(1583,1)
(1584,22)
(1585,1)
(1586,2)
(1587,3)
(1588,1)
(1589,3)
(1590,26)
(1591,2)
(1592,24)
(1593,2)
(1594,2)
(1595,4)
(1596,3)
(1597,1)
(1598,1)
(1599,1)
(1600,1)
(1601,3)
(1602,1)
(1603,63)
(1604,1)
(1605,1)
(1606,1)
(1607,25)
(1608,1)
(1609,1)
(1610,1)
(1611,8)
(1612,1)
(1613,3)
(1614,3)
(1615,1)
(1616,10)
(1617,5)
(1618,6)
(1619,2)
(1620,1)
(1621,1)
(1622,3)
(1623,1)
(1624,1)
(1625,1)
(1626,1)
(1627,2)
(1628,2)
(1629,1)
(1630,2)
(1631,8)
(1632,12)
(1633,1)
(1634,53)
(1635,1)
(1636,2)
(1637,1)
(1638,1)
(1639,5)
(1640,1)
(1641,1)
(1642,3)
(1643,1)
(1644,39)
(1645,1)
(1646,12)
(1647,1)
(1648,3)
(1649,14)
(1650,18)
(1651,9)
(1652,3)
(1653,2)
(1654,2)
(1655,2)
(1656,1)
(1657,1)
(1658,3)
(1659,1)
(1660,4)
(1661,4)
(1662,7)
(1663,1)
(1664,17)
(1665,1)
(1666,14)
(1667,1)
(1668,1)
(1669,1)
(1670,1)
(1671,3)
(1672,1)
(1673,1)
(1674,10)
(1675,1)
(1676,2)
(1677,2)
(1678,3)
(1679,1)
(1680,2)
(1681,1)
(1682,2)
(1683,2)
(1684,2)
(1685,12)
(1686,1)
(1687,3)
(1688,44)
(1689,2)
(1690,10)
(1691,1)
(1692,14)
(1693,1)
(1694,2)
(1695,1)
(1696,43)
(1697,4)
(1698,1)
(1699,7)
(1700,3)
(1701,4)
(1702,1)
(1703,1)
(1704,2)
(1705,2)
(1706,1)
(1707,34)
(1708,1)
(1709,2)
(1710,5)
(1711,8)
(1712,3)
(1713,2)
(1714,1)
(1715,2)
(1716,13)
(1717,4)
(1718,3)
(1719,2)
(1720,1)
(1721,1)
(1722,1)
(1723,1)
(1724,25)
(1725,1)
(1726,5)
(1727,1)
(1728,94)
(1729,2)
(1730,4)
(1731,3)
(1732,4)
(1733,5)
(1734,1)
(1735,1)
(1736,1)
(1737,1)
(1738,1)
(1739,1)
(1740,2)
(1741,1)
(1742,1)
(1743,1)
(1744,1)
(1745,1)
(1746,1)
(1747,1)
(1748,1)
(1749,1)
(1750,10)
(1751,41)
(1752,1)
(1753,5)
(1754,1)
(1755,4)
(1756,4)
(1757,1)
(1758,155)
(1759,1)
(1760,8)
(1761,1)
(1762,1)
(1763,1)
(1764,1)
(1765,4)
(1766,1)
(1767,1)
(1768,2)
(1769,9)
(1770,2)
(1771,1)
(1772,2)
(1773,1)
(1774,1)
(1775,1)
(1776,6)
(1777,23)
(1778,1)
(1779,2)
(1780,3)
(1781,5)
(1782,2)
(1783,1)
(1784,1)
(1785,1)
(1786,1)
(1787,7)
(1788,67)
(1789,5)
(1790,7)
(1791,1)
(1792,23)
(1793,3)
(1794,3)
(1795,1)
(1796,6)
(1797,1)
(1798,11)
(1799,1)
(1800,57)
(1801,1)
(1802,4)
(1803,1)
(1804,5)
(1805,1)
(1806,1)
(1807,8)
(1808,1)
(1809,1)
(1810,2)
(1811,5)
(1812,2)
(1813,10)
(1814,1)
(1815,1)
(1816,2)
(1817,1)
(1818,1)
(1819,3)
(1820,1)
(1821,2)
(1822,1)
(1823,3)
(1824,1)
(1825,11)
(1826,2)
(1827,10)
(1828,1)
(1829,4)
(1830,18)
(1831,1)
(1832,2)
(1833,3)
(1834,1)
(1835,1)
(1836,6)
(1837,3)
(1838,6)
(1839,4)
(1840,31)
(1841,3)
(1842,4)
(1843,1)
(1844,18)
(1845,3)
(1846,9)
(1847,7)
(1848,5)
(1849,1)
(1850,2)
(1851,2)
(1852,1)
(1853,7)
(1854,1)
(1855,23)
(1856,2)
(1857,217)
(1858,1)
(1859,2)
(1860,1)
(1861,4)
(1862,1)
(1863,54)
(1864,2)
(1865,196)
(1866,10)
(1867,3)
(1868,1)
(1869,32)
(1870,1)
(1871,40)
(1872,55)
(1873,1)
(1874,5)
(1875,1)
(1876,3)
(1877,3)
(1878,1)
(1879,2)
(1880,2)
(1881,1)
(1882,3)
(1883,6)
(1884,3)
(1885,16)
(1886,1)
(1887,31)
(1888,1)
(1889,5)
(1890,6)
(1891,1)
(1892,4)
(1893,42)
(1894,4)
(1895,1)
(1896,10)
(1897,1)
(1898,3)
(1899,1)
(1900,3)
(1901,3)
(1902,1)
(1903,2)
(1904,1)
(1905,1)
(1906,1)
(1907,4)
(1908,1)
(1909,13)
(1910,1)
(1911,88)
(1912,1)
(1913,1)
(1914,1)
(1915,14)
(1916,3)
(1917,27)
(1918,3)
(1919,1)
(1920,1)
(1921,16)
(1922,4)
(1923,1)
(1924,2)
(1925,4)
(1926,1)
(1927,4)
(1928,1)
(1929,1)
(1930,17)
(1931,2)
(1932,4)
(1933,1)
(1934,1)
(1935,9)
(1936,2)
(1937,1)
(1938,1)
(1939,3)
(1940,1)
(1941,1)
(1942,30)
(1943,1)
(1944,1)
(1945,3)
(1946,2)
(1947,2)
(1948,1)
(1949,1)
(1950,4)
(1951,10)
(1952,1)
(1953,7)
(1954,1)
(1955,6)
(1956,1)
(1957,35)
(1958,1)
(1959,1)
(1960,2)
(1961,3)
(1962,6)
(1963,1)
(1964,1)
(1965,2)
(1966,4)
(1967,4)
(1968,24)
(1969,1)
(1970,1)
(1971,1)
(1972,1)
(1973,1)
(1974,1)
(1975,3)
(1976,1)
(1977,1)
(1978,2)
(1979,1)
(1980,2)
(1981,1)
(1982,6)
(1983,6)
(1984,2)
(1985,1)
(1986,1)
(1987,10)
(1988,6)
(1989,4)
(1990,2)
(1991,1)
(1992,3)
(1993,9)
(1994,1)
(1995,2)
(1996,16)
(1997,1)
(1998,5)
(1999,1)
(2000,1)
(2001,1)
(2002,1)
(2003,6)
(2004,5)
(2005,1)
(2006,13)
(2007,5)
(2008,4)
(2009,1)
(2010,2)
(2011,3)
(2012,1)
(2013,1)
(2014,1)
(2015,3)
(2016,1)
(2017,30)
(2018,2)
(2019,5)
(2020,1)
(2021,1)
(2022,1)
(2023,1)
(2024,2)
(2025,3)
(2026,1)
(2027,2)
(2028,3)
(2029,1)
(2030,1)
(2031,1)
(2032,1)
(2033,1)
(2034,6)
(2035,5)
(2036,3)
(2037,65)
(2038,48)
(2039,3)
(2040,3)
(2041,6)
(2042,1)
(2043,9)
(2044,2)
(2045,1)
(2046,5)
(2047,6)
(2048,2)
(2049,1)
(2050,1)
(2051,1)
(2052,1)
(2053,620)
(2054,8)
(2055,1)
(2056,1)
(2057,4)
(2058,8)
(2059,1)
(2060,6)
(2061,1)
(2062,5)
(2063,8)
(2064,1)
(2065,5)
(2066,1)
(2067,4)
(2068,9)
(2069,47)
(2070,3)
(2071,1)
(2072,6)
(2073,1)
(2074,25)
(2075,1)
(2076,3)
(2077,425)
(2078,2)
(2079,3)
(2080,3)
(2081,17)
(2082,1)
(2083,2)
(2084,3)
(2085,2)
(2086,3)
(2087,1)
(2088,1)
(2089,1)
(2090,5)
(2091,2)
(2092,1)
(2093,41)
(2094,1)
(2095,1)
(2096,1)
(2097,1)
(2098,3)
(2099,1)
(2100,5)
(2101,1)
(2102,1)
(2103,6)
(2104,256)
(2105,17)
(2106,1)
(2107,14)
(2108,1)
(2109,2)
(2110,3)
(2111,1)
(2112,2)
(2113,2)
(2114,2)
(2115,4)
(2116,9)
(2117,7)
(2118,3)
(2119,3)
(2120,18)
(2121,1)
(2122,33)
(2123,1)
(2124,5)
(2125,2)
(2126,4)
(2127,25)
(2128,1)
(2129,2)
(2130,1)
(2131,6)
(2132,1)
(2133,3)
(2134,4)
(2135,16)
(2136,4)
(2137,2)
(2138,2)
(2139,7)
(2140,3)
(2141,1)
(2142,14)
(2143,2)
(2144,1)
(2145,2)
(2146,1)
(2147,3)
(2148,3)
(2149,1)
(2150,4)
(2151,1)
(2152,59)
(2153,1)
(2154,121)
(2155,9)
(2156,1)
(2157,2)
(2158,1)
(2159,11)
(2160,1)
(2161,20)
(2162,1)
(2163,9)
(2164,2)
(2165,1)
(2166,3)
(2167,391)
(2168,1)
(2169,2)
(2170,8)
(2171,3)
(2172,4)
(2173,1)
(2174,1)
(2175,3)
(2176,13)
(2177,1)
(2178,95)
(2179,2)
(2180,2)
(2181,4)
(2182,21)
(2183,1)
(2184,21)
(2185,2)
(2186,8)
(2187,13)
(2188,3)
(2189,1)
(2190,1)
(2191,1)
(2192,5)
(2193,1)
(2194,8)
(2195,1)
(2196,15)
(2197,1)
(2198,252)
(2199,3)
(2200,4)
(2201,2)
(2202,15)
(2203,1)
(2204,1)
(2205,1)
(2206,5)
(2207,2)
(2208,6)
(2209,11)
(2210,1)
(2211,10)
(2212,41)
(2213,1)
(2214,4)
(2215,2)
(2216,2)
(2217,1)
(2218,1)
(2219,1)
(2220,5)
(2221,1)
(2222,1)
(2223,1)
(2224,2)
(2225,2)
(2226,1)
(2227,1)
(2228,1)
(2229,2)
(2230,2)
(2231,1)
(2232,2)
(2233,2)
(2234,2)
(2235,2)
(2236,1)
(2237,24)
(2238,8)
(2239,21)
(2240,3)
(2241,3)
(2242,9)
(2243,14)
(2244,9)
(2245,1)
(2246,9)
(2247,3)
(2248,1)
(2249,2)
(2250,3)
(2251,2)
(2252,2)
(2253,2)
(2254,9)
(2255,1)
(2256,5)
(2257,3)
(2258,7)
(2259,1)
(2260,2)
(2261,1)
(2262,6)
(2263,1)
(2264,1)
(2265,3)
(2266,6)
(2267,1)
(2268,1)
(2269,1)
(2270,1)
(2271,1)
(2272,1)
(2273,1)
(2274,15)
(2275,2)
(2276,4)
(2277,1)
(2278,1)
(2279,7)
(2280,1)
(2281,2)
(2282,1)
(2283,1)
(2284,15)
(2285,2)
(2286,1)
(2287,5)
(2288,1)
(2289,1)
(2290,13)
(2291,1)
(2292,2)
(2293,1)
(2294,1)
(2295,1)
(2296,5)
(2297,2)
(2298,21)
(2299,1)
(2300,1)
(2301,1)
(2302,1)
(2303,13)
(2304,1)
(2305,1)
(2306,10)
(2307,1)
(2308,6)
(2309,2)
(2310,11)
(2311,1)
(2312,2)
(2313,7)
(2314,1)
(2315,7)
(2316,1)
(2317,16)
(2318,1)
(2319,4)
(2320,3)
(2321,1)
(2322,2)
(2323,1)
(2324,7)
(2325,1)
(2326,3)
(2327,1)
(2328,4)
(2329,9)
(2330,2)
(2331,1)
(2332,1)
(2333,1)
(2334,1)
(2335,23)
(2336,1)
(2337,1)
(2338,4)
(2339,1)
(2340,4)
(2341,3)
(2342,1)
(2343,2)
(2344,2)
(2345,2)
(2346,1)
(2347,3)
(2348,1)
(2349,1)
(2350,5)
(2351,1)
(2352,1)
(2353,1)
(2354,6)
(2355,106)
(2356,1)
(2357,1)
(2358,1)
(2359,7)
(2360,2)
(2361,18)
(2362,1)
(2363,1)
(2364,1)
(2365,4)
(2366,1)
(2367,2)
(2368,4)
(2369,20)
(2370,2)
(2371,1)
(2372,3)
(2373,1)
(2374,5)
(2375,1)
(2376,3)
(2377,1)
(2378,50)
(2379,1)
(2380,2)
(2381,14)
(2382,2)
(2383,1)
(2384,1)
(2385,2)
(2386,1)
(2387,2)
(2388,2)
(2389,1)
(2390,1)
(2391,3)
(2392,3)
(2393,1)
(2394,1)
(2395,4)
(2396,1)
(2397,1)
(2398,1)
(2399,13)
(2400,8)
(2401,3)
(2402,2)
(2403,1)
(2404,8)
(2405,5)
(2406,1)
(2407,6)
(2408,1)
(2409,50)
(2410,1)
(2411,2)
(2412,3)
(2413,8)
(2414,1)
(2415,3)
(2416,5)
(2417,2)
(2418,1)
(2419,8)
(2420,8)
(2421,1)
(2422,1)
(2423,10)
(2424,2)
(2425,1)
(2426,1)
(2427,1)
(2428,2)
(2429,13)
(2430,1)
(2431,4)
(2432,10)
(2433,1)
(2434,1)
(2435,1)
(2436,1)
(2437,26)
(2438,2)
(2439,22)
(2440,3)
(2441,7)
(2442,6)
(2443,1)
(2444,2)
(2445,3)
(2446,28)
(2447,3)
(2448,17)
(2449,3)
(2450,1)
(2451,1)
(2452,1)
(2453,4)
(2454,1)
(2455,5)
(2456,2)
(2457,4)
(2458,5)
(2459,1)
(2460,2)
(2461,1)
(2462,1)
(2463,1)
(2464,4)
(2465,1)
(2466,2)
(2467,5)
(2468,1)
(2469,1)
(2470,1)
(2471,4)
(2472,1)
(2473,2)
(2474,5)
(2475,2)
(2476,193)
(2477,2)
(2478,1)
(2479,47)
(2480,1)
(2481,4)
(2482,1)
(2483,6)
(2484,1)
(2485,4)
(2486,1)
(2487,6)
(2488,23)
(2489,4)
(2490,1)
(2491,20)
(2492,2)
(2493,3)
(2494,32)
(2495,1)
(2496,6)
(2497,1)
(2498,4)
(2499,1)
(2500,3)
(2501,1)
(2502,10)
(2503,1)
(2504,3)
(2505,1)
(2506,1)
(2507,2)
(2508,5)
(2509,2)
(2510,1)
(2511,1)
(2512,1)
(2513,93)
(2514,1)
(2515,1)
(2516,11)
(2517,8)
(2518,1)
(2519,1)
(2520,1)
(2521,1)
(2522,2)
(2523,15)
(2524,4)
(2525,1)
(2526,7)
(2527,1)
(2528,3)
(2529,2)
(2530,1)
(2531,1)
(2532,1)
(2533,9)
(2534,10)
(2535,1)
(2536,6)
(2537,1)
(2538,4)
(2539,5)
(2540,3)
(2541,1)
(2542,11)
(2543,1)
(2544,6)
(2545,5)
(2546,1)
(2547,1)
(2548,1)
(2549,1)
(2550,3)
(2551,1)
(2552,152)
(2553,3)
(2554,1)
(2555,4)
(2556,3)
(2557,7)
(2558,1)
(2559,473)
(2560,1)
(2561,1)
(2562,1)
(2563,3)
(2564,108)
(2565,2)
(2566,1)
(2567,3)
(2568,3)
(2569,3)
(2570,6)
(2571,1)
(2572,1)
(2573,1)
(2574,18)
(2575,1)
(2576,51)
(2577,2)
(2578,2)
(2579,5)
(2580,2)
(2581,2)
(2582,1)
(2583,1)
(2584,15)
(2585,6)
(2586,10)
(2587,1)
(2588,6)
(2589,1)
(2590,1)
(2591,6)
(2592,8)
(2593,2)
(2594,33)
(2595,1)
(2596,6)
(2597,2)
(2598,5)
(2599,3)
(2600,1)
(2601,13)
(2602,1)
(2603,2)
(2604,1)
(2605,2)
(2606,3)
(2607,2)
(2608,1)
(2609,5)
(2610,1)
(2611,2)
(2612,1)
(2613,2)
(2614,1)
(2615,10)
(2616,4)
(2617,2)
(2618,1)
(2619,2)
(2620,6)
(2621,23)
(2622,4)
(2623,1)
(2624,3)
(2625,1)
(2626,5)
(2627,1)
(2628,3)
(2629,5)
(2630,3)
(2631,1)
(2632,3)
(2633,2)
(2634,5)
(2635,8)
(2636,1)
(2637,4)
(2638,5)
(2639,1)
(2640,1)
(2641,18)
(2642,6)
(2643,1)
(2644,1)
(2645,43)
(2646,1)
(2647,8)
(2648,1)
(2649,22)
(2650,1)
(2651,9)
(2652,5)
(2653,1)
(2654,2)
(2655,1)
(2656,15)
(2657,16)
(2658,1)
(2659,1)
(2660,5)
(2661,4)
(2662,3)
(2663,7)
(2664,1)
(2665,1)
(2666,1)
(2667,4)
(2668,1)
(2669,1)
(2670,3)
(2671,3)
(2672,1)
(2673,2)
(2674,16)
(2675,2)
(2676,7)
(2677,1)
(2678,17)
(2679,3)
(2680,28)
(2681,5)
(2682,15)
(2683,5)
(2684,1)
(2685,8)
(2686,3)
(2687,1)
(2688,141)
(2689,1)
(2690,9)
(2691,7)
(2692,2)
(2693,5)
(2694,1)
(2695,1)
(2696,7)
(2697,5)
(2698,30)
(2699,1)
(2700,6)
(2701,2)
(2702,2)
(2703,6)
(2704,1)
(2705,4)
(2706,3)
(2707,3)
(2708,10)
(2709,22)
(2710,14)
(2711,1)
(2712,2)
(2713,3)
(2714,21)
(2715,4)
(2716,1)
(2717,1)
(2718,1)
(2719,12)
(2720,1)
(2721,9)
(2722,4)
(2723,2)
(2724,1)
(2725,7)
(2726,1)
(2727,1)
(2728,1)
(2729,10)
(2730,1)
(2731,3)
(2732,1)
(2733,1)
(2734,1)
(2735,1)
(2736,1)
(2737,1)
(2738,6)
(2739,1)
(2740,10)
(2741,1)
(2742,7)
(2743,8)
(2744,2)
(2745,1)
(2746,1)
(2747,1)
(2748,5)
(2749,8)
(2750,5)
(2751,9)
(2752,37)
(2753,4)
(2754,1)
(2755,17)
(2756,1)
(2757,2)
(2758,1)
(2759,3)
(2760,1)
(2761,5)
(2762,2)
(2763,1)
(2764,4)
(2765,15)
(2766,2)
(2767,2)
(2768,5)
(2769,1)
(2770,1)
(2771,1)
(2772,6)
(2773,1)
(2774,1)
(2775,20)
(2776,48)
(2777,1)
(2778,5)
(2779,17)
(2780,2)
(2781,7)
(2782,7)
(2783,1)
(2784,16)
(2785,1)
(2786,37)
(2787,3)
(2788,2)
(2789,1)
(2790,2)
(2791,5)
(2792,1)
(2793,1)
(2794,1)
(2795,4)
(2796,3)
(2797,2)
(2798,3)
(2799,16)
(2800,1)
(2801,2)
(2802,18)
(2803,2)
(2804,1)
(2805,1)
(2806,1)
(2807,1)
(2808,1)
(2809,4)
(2810,1)
(2811,3)
(2812,5)
(2813,1)
(2814,2)
(2815,23)
(2816,2)
(2817,3)
(2818,1)
(2819,4)
(2820,13)
(2821,7)
(2822,1)
(2823,5)
(2824,1)
(2825,2)
(2826,1)
(2827,1)
(2828,30)
(2829,1)
(2830,7)
(2831,4)
(2832,1)
(2833,1)
(2834,1)
(2835,15)
(2836,1)
(2837,17)
(2838,1)
(2839,4)
(2840,1)
(2841,1)
(2842,1)
(2843,2)
(2844,188)
(2845,1)
(2846,5)
(2847,2)
(2848,2)
(2849,19)
(2850,2)
(2851,1)
(2852,2)
(2853,1)
(2854,70)
(2855,1)
(2856,2)
(2857,1)
(2858,2)
(2859,3)
(2860,1)
(2861,4)
(2862,1)
(2863,1)
(2864,1)
(2865,4)
(2866,1)
(2867,3)
(2868,1)
(2869,1)
(2870,2)
(2871,1)
(2872,1)
(2873,5)
(2874,5)
(2875,2)
(2876,1)
(2877,2)
(2878,7)
(2879,2)
(2880,2)
(2881,1)
(2882,1)
(2883,2)
(2884,2)
(2885,1)
(2886,31)
(2887,8)
(2888,1)
(2889,1)
(2890,3)
(2891,1)
(2892,1)
(2893,1)
(2894,1)
(2895,3)
(2896,15)
(2897,2)
(2898,1)
(2899,3)
(2900,1)
(2901,1)
(2902,3)
(2903,24)
(2904,4)
(2905,1)
(2906,1)
(2907,7)
(2908,2)
(2909,12)
(2910,4)
(2911,2)
(2912,2)
(2913,1)
(2914,15)
(2915,1)
(2916,1)
(2917,1)
(2918,1)
(2919,2)
(2920,1)
(2921,9)
(2922,1)
(2923,2)
(2924,2)
(2925,3)
(2926,1)
(2927,2)
(2928,9)
(2929,1)
(2930,1)
(2931,3)
(2932,1)
(2933,1)
(2934,7)
(2935,1)
(2936,12)
(2937,1)
(2938,3)
(2939,1)
(2940,2)
(2941,1)
(2942,3)
(2943,6)
(2944,6)
(2945,1)
(2946,1)
(2947,1)
(2948,1)
(2949,10)
(2950,2)
(2951,10)
(2952,1)
(2953,2)
(2954,2)
(2955,2)
(2956,5)
(2957,12)
(2958,1)
(2959,2)
(2960,3)
(2961,4)
(2962,10)
(2963,1)
(2964,1)
(2965,3)
(2966,2)
(2967,4)
(2968,1)
(2969,37)
(2970,1)
(2971,4)
(2972,2)
(2973,1)
(2974,1)
(2975,67)
(2976,1)
(2977,1)
(2978,6)
(2979,2)
(2980,1)
(2981,2)
(2982,2)
(2983,3)
(2984,1)
(2985,2)
(2986,2)
(2987,1)
(2988,5)
(2989,2)
(2990,2)
(2991,1)
(2992,1)
(2993,6)
(2994,2)
(2995,1)
(2996,1)
(2997,47)
(2998,57)
(2999,1)
(3000,1)
(3001,1)
(3002,1)
(3003,2)
(3004,2)
(3005,7)
(3006,5)
(3007,2)
(3008,2)
(3009,2)
(3010,3)
(3011,7)
(3012,1)
(3013,4)
(3014,1)
(3015,1)
(3016,6)
(3017,1)
(3018,4)
(3019,1)
(3020,3)
(3021,1)
(3022,1)
(3023,1)
(3024,4)
(3025,16)
(3026,49)
(3027,1)
(3028,1)
(3029,1)
(3030,1)
(3031,2)
(3032,1)
(3033,2)
(3034,1)
(3035,3)
(3036,1)
(3037,2)
(3038,1)
(3039,1)
(3040,38)
(3041,2)
(3042,3)
(3043,2)
(3044,3)
(3045,25)
(3046,6)
(3047,1)
(3048,1)
(3049,12)
(3050,3)
(3051,5)
(3052,3)
(3053,4)
(3054,7)
(3055,1)
(3056,1)
(3057,2)
(3058,7)
(3059,1)
(3060,9)
(3061,1)
(3062,5)
(3063,2)
(3064,1)
(3065,1)
(3066,1)
(3067,33)
(3068,2)
(3069,6)
(3070,3)
(3071,1)
(3072,10)
(3073,1)
(3074,1)
(3075,2)
(3076,43)
(3077,2)
(3078,1)
(3079,1)
(3080,2)
(3081,3)
(3082,1)
(3083,4)
(3084,310)
(3085,2)
(3086,7)
(3087,2)
(3088,53)
(3089,211)
(3090,2)
(3091,2)
(3092,2)
(3093,1)
(3094,1)
(3095,3)
(3096,7)
(3097,1)
(3098,1)
(3099,8)
(3100,2)
(3101,3)
(3102,2)
(3103,2)
(3104,1)
(3105,2)
(3106,1)
(3107,2)
(3108,1)
(3109,9)
(3110,3)
(3111,11)
(3112,1)
(3113,2)
(3114,1)
(3115,2)
(3116,4)
(3117,1)
(3118,1)
(3119,1)
(3120,1)
(3121,5)
(3122,2)
(3123,2)
(3124,1)
(3125,17)
(3126,1)
(3127,1)
(3128,1)
(3129,2)
(3130,1)
(3131,1)
(3132,1)
(3133,1)
(3134,1)
(3135,6)
(3136,4)
(3137,3)
(3138,3)
(3139,11)
(3140,23)
(3141,2)
(3142,1)
(3143,5)
(3144,12)
(3145,21)
(3146,2)
(3147,1)
(3148,2)
(3149,3)
(3150,6)
(3151,5)
(3152,1)
(3153,1)
(3154,1)
(3155,1)
(3156,1)
(3157,210)
(3158,15)
(3159,1)
(3160,1)
(3161,16)
(3162,3)
(3163,1)
(3164,2)
(3165,4)
(3166,1)
(3167,2)
(3168,20)
(3169,3)
(3170,3)
(3171,3)
(3172,3)
(3173,3)
(3174,1)
(3175,23)
(3176,29)
(3177,1)
(3178,23)
(3179,24)
(3180,1)
(3181,2)
(3182,3)
(3183,1)
(3184,2)
(3185,7)
(3186,1)
(3187,5)
(3188,80)
(3189,1)
(3190,2)
(3191,4)
(3192,2)
(3193,2)
(3194,32)
(3195,2)
(3196,4)
(3197,16)
(3198,3)
(3199,46)
(3200,2)
(3201,5)
(3202,1)
(3203,113)
(3204,4)
(3205,1)
(3206,6)
(3207,1)
(3208,1)
(3209,2)
(3210,1)
(3211,1)
(3212,1)
(3213,16)
(3214,1)
(3215,2)
(3216,1)
(3217,5)
(3218,4)
(3219,7)
(3220,1)
(3221,1)
(3222,5)
(3223,1)
(3224,31)
(3225,1)
(3226,2)
(3227,1)
(3228,3)
(3229,1)
(3230,14)
(3231,3)
(3232,1)
(3233,2)
(3234,5)
(3235,1)
(3236,1)
(3237,17)
(3238,3)
(3239,2)
(3240,3)
(3241,1)
(3242,2)
(3243,10)
(3244,2)
(3245,2)
(3246,1)
(3247,1)
(3248,325)
(3249,1)
(3250,85)
(3251,3)
(3252,1)
(3253,4)
(3254,55)
(3255,3)
(3256,1)
(3257,3)
(3258,14)
(3259,1)
(3260,5)
(3261,1)
(3262,6)
(3263,4)
(3264,6)
(3265,30)
(3266,3)
(3267,1)
(3268,11)
(3269,1)
(3270,1)
(3271,1)
(3272,1)
(3273,1722)
(3274,1)
(3275,87)
(3276,24)
(3277,5)
(3278,1)
(3279,1)
(3280,16)
(3281,1)
(3282,15)
(3283,23)
(3284,8)
(3285,3)
(3286,3)
(3287,15)
(3288,1)
(3289,1)
(3290,292)
(3291,2)
(3292,6)
(3293,2)
(3294,1)
(3295,98)
(3296,3)
(3297,1)
(3298,2)
(3299,4)
(3300,1)
(3301,5)
(3302,2)
(3303,1)
(3304,1)
(3305,1)
(3306,1)
(3307,2)
(3308,2)
(3309,2)
(3310,1)
(3311,2)
(3312,8)
(3313,1)
(3314,2)
(3315,33)
(3316,3)
(3317,3)
(3318,2)
(3319,3)
(3320,9)
(3321,6)
(3322,4)
(3323,4)
(3324,5)
(3325,7)
(3326,1)
(3327,13)
(3328,7)
(3329,1)
(3330,2)
(3331,2)
(3332,21)
(3333,4)
(3334,1)
(3335,8)
(3336,3)
(3337,19)
(3338,7)
(3339,1)
(3340,1)
(3341,50)
(3342,1)
(3343,3)
(3344,1)
(3345,1)
(3346,17)
(3347,1)
(3348,4)
(3349,5)
(3350,2)
(3351,3)
(3352,1)
(3353,2)
(3354,2)
(3355,1)
(3356,18)
(3357,4)
(3358,38)
(3359,1)
(3360,33)
(3361,4)
(3362,2)
(3363,1)
(3364,57)
(3365,1)
(3366,1)
(3367,6)
(3368,1)
(3369,1)
(3370,4)
(3371,1)
(3372,2)
(3373,104)
(3374,3)
(3375,5)
(3376,8)
(3377,1)
(3378,1)
(3379,7)
(3380,1)
(3381,4)
(3382,1)
(3383,52)
(3384,1)
(3385,5)
(3386,1)
(3387,5)
(3388,1)
(3389,4)
(3390,84)
(3391,1)
(3392,2)
(3393,8)
(3394,8)
(3395,2)
(3396,1)
(3397,1)
(3398,1)
(3399,1)
(3400,2)
(3401,1)
(3402,111)
(3403,1)
(3404,12)
(3405,1)
(3406,1)
(3407,18)
(3408,4)
(3409,2)
(3410,3)
(3411,1)
(3412,9)
(3413,2)
(3414,1)
(3415,40)
(3416,1)
(3417,1)
(3418,1)
(3419,1)
(3420,2)
(3421,1)
(3422,1)
(3423,1)
(3424,9)
(3425,1)
(3426,5)
(3427,1)
(3428,3)
(3429,2)
(3430,2)
(3431,2)
(3432,1)
(3433,1)
(3434,204)
(3435,36)
(3436,1)
(3437,1)
(3438,4)
(3439,118)
(3440,1)
(3441,8)
(3442,3)
(3443,2)
(3444,1)
(3445,12)
(3446,1)
(3447,1)
(3448,1)
(3449,2)
(3450,1)
(3451,31)
(3452,1)
(3453,4)
(3454,5)
(3455,1)
(3456,11)
(3457,2)
(3458,55)
(3459,1)
(3460,17)
(3461,1)
(3462,1)
(3463,1)
(3464,6)
(3465,6)
(3466,1)
(3467,4)
(3468,5)
(3469,8)
(3470,1)
(3471,5)
(3472,1)
(3473,14)
(3474,1)
(3475,1)
(3476,3)
(3477,2)
(3478,5)
(3479,1)
(3480,1)
(3481,1)
(3482,3)
(3483,1)
(3484,1)
(3485,2)
(3486,1)
(3487,2)
(3488,5)
(3489,1)
(3490,1)
(3491,5)
(3492,20)
(3493,11)
(3494,1)
(3495,1)
(3496,2)
(3497,1)
(3498,1)
(3499,2)
(3500,1)
(3501,3)
(3502,4)
(3503,46)
(3504,2)
(3505,4)
(3506,1)
(3507,1)
(3508,1)
(3509,10)
(3510,2)
(3511,1)
(3512,5)
(3513,1)
(3514,2)
(3515,4)
(3516,22)
(3517,2)
(3518,7)
(3519,1)
(3520,1)
(3521,1)
(3522,10)
(3523,1)
(3524,1)
(3525,1)
(3526,1)
(3527,2)
(3528,1)
(3529,1)
(3530,2)
(3531,1)
(3532,2)
(3533,10)
(3534,11)
(3535,7)
(3536,3)
(3537,1)
(3538,1)
(3539,1)
(3540,7)
(3541,1)
(3542,1)
(3543,8)
(3544,1)
(3545,8)
(3546,1)
(3547,2)
(3548,2)
(3549,3)
(3550,6)
(3551,2)
(3552,36)
(3553,1)
(3554,2)
(3555,1)
(3556,4)
(3557,3)
(3558,1)
(3559,1)
(3560,1)
(3561,1)
(3562,1)
(3563,4)
(3564,2)
(3565,3)
(3566,1)
(3567,7)
(3568,3)
(3569,4)
(3570,4)
(3571,1)
(3572,1)
(3573,1)
(3574,2)
(3575,54)
(3576,16)
(3577,1)
(3578,7)
(3579,19)
(3580,2)
(3581,4)
(3582,1)
(3583,1)
(3584,1)
(3585,2)
(3586,7)
(3587,1)
(3588,1)
(3589,5)
(3590,3)
(3591,4)
(3592,1)
(3593,4)
(3594,18)
(3595,1)
(3596,1)
(3597,1)
(3598,1)
(3599,1)
(3600,8)
(3601,3)
(3602,1)
(3603,8)
(3604,1)
(3605,2)
(3606,1)
(3607,1)
(3608,4)
(3609,1)
(3610,1)
(3611,1)
(3612,2)
(3613,3)
(3614,7)
(3615,6)
(3616,1)
(3617,1)
(3618,8)
(3619,2)
(3620,3)
(3621,2)
(3622,13)
(3623,1)
(3624,1)
(3625,1)
(3626,1)
(3627,7)
(3628,1)
(3629,3)
(3630,1)
(3631,10)
(3632,2)
(3633,1)
(3634,3)
(3635,2)
(3636,5)
(3637,1)
(3638,1)
(3639,1)
(3640,2)
(3641,142)
(3642,2)
(3643,1)
(3644,1)
(3645,1)
(3646,3)
(3647,7)
(3648,1)
(3649,16)
(3650,4)
(3651,1)
(3652,84)
(3653,1)
(3654,14)
(3655,1)
(3656,39)
(3657,1)
(3658,1)
(3659,33)
(3660,1)
(3661,1)
(3662,1)
(3663,1)
(3664,5)
(3665,1)
(3666,2)
(3667,2)
(3668,6)
(3669,1)
(3670,1)
(3671,5)
(3672,1)
(3673,1)
(3674,1)
(3675,4)
(3676,2)
(3677,2)
(3678,1)
(3679,4)
(3680,5)
(3681,1)
(3682,2)
(3683,1)
(3684,3)
(3685,1)
(3686,1)
(3687,1)
(3688,10)
(3689,3)
(3690,2)
(3691,1)
(3692,9)
(3693,2)
(3694,10)
(3695,1)
(3696,6)
(3697,1)
(3698,1)
(3699,1)
(3700,1)
(3701,2)
(3702,2)
(3703,14)
(3704,3)
(3705,1)
(3706,5)
(3707,2)
(3708,4)
(3709,1)
(3710,3)
(3711,29)
(3712,2)
(3713,2)
(3714,2)
(3715,4)
(3716,1)
(3717,18)
(3718,1)
(3719,4)
(3720,1)
(3721,1)
(3722,2)
(3723,3)
(3724,3)
(3725,4)
(3726,1)
(3727,3)
(3728,2)
(3729,1)
(3730,1)
(3731,1)
(3732,2)
(3733,4)
(3734,1)
(3735,1)
(3736,1)
(3737,1)
(3738,46)
(3739,1)
(3740,1)
(3741,3)
(3742,4)
(3743,3)
(3744,212)
(3745,3)
(3746,1)
(3747,2)
(3748,1)
(3749,1)
(3750,4)
(3751,8)
(3752,1)
(3753,74)
(3754,1)
(3755,2)
(3756,1)
(3757,5)
(3758,1)
(3759,1)
(3760,9)
(3761,1)
(3762,1)
(3763,1)
(3764,1)
(3765,3)
(3766,80)
(3767,2)
(3768,1)
(3769,3)
(3770,1)
(3771,1)
(3772,2)
(3773,2)
(3774,4)
(3775,4)
(3776,1)
(3777,2159)
(3778,5)
(3779,8)
(3780,4)
(3781,1)
(3782,1)
(3783,4)
(3784,2)
(3785,2)
(3786,5)
(3787,1)
(3788,5)
(3789,2)
(3790,2)
(3791,2)
(3792,44)
(3793,1)
(3794,1)
(3795,1)
(3796,23)
(3797,2)
(3798,1)
(3799,6)
(3800,1)
(3801,1)
(3802,1)
(3803,13)
(3804,46)
(3805,2)
(3806,2)
(3807,7)
(3808,3)
(3809,18)
(3810,1)
(3811,8277)
(3812,35)
(3813,29)
(3814,2)
(3815,1)
(3816,2)
(3817,2)
(3818,6)
(3819,1)
(3820,5)
(3821,2)
(3822,1)
(3823,5)
(3824,2)
(3825,242)
(3826,4)
(3827,1)
(3828,4)
(3829,1)
(3830,1)
(3831,4)
(3832,1)
(3833,7)
(3834,1)
(3835,1)
(3836,2)
(3837,3)
(3838,1)
(3839,1)
(3840,1)
(3841,7)
(3842,1)
(3843,28)
(3844,1)
(3845,50)
(3846,10)
(3847,2)
(3848,37)
(3849,13)
(3850,1)
(3851,1)
(3852,1)
(3853,2)
(3854,2)
(3855,2)
(3856,3)
(3857,1)
(3858,1)
(3859,1)
(3860,5)
(3861,2)
(3862,1)
(3863,4)
(3864,1)
(3865,1)
(3866,520)
(3867,10)
(3868,2)
(3869,8)
(3870,1)
(3871,4)
(3872,1)
(3873,39)
(3874,3)
(3875,1)
(3876,1)
(3877,6)
(3878,1)
(3879,1)
(3880,1)
(3881,9)
(3882,1)
(3883,1)
(3884,7)
(3885,10)
(3886,1)
(3887,1)
(3888,5)
(3889,1)
(3890,1)
(3891,2)
(3892,6)
(3893,2)
(3894,5)
(3895,5)
(3896,4)
(3897,1)
(3898,12)
(3899,1)
(3900,6)
(3901,2)
(3902,4)
(3903,3)
(3904,1)
(3905,1)
(3906,9)
(3907,1)
(3908,1)
(3909,1)
(3910,1)
(3911,1)
(3912,3)
(3913,5)
(3914,1)
(3915,588)
(3916,1)
(3917,3)
(3918,1)
(3919,6)
(3920,1)
(3921,8)
(3922,8)
(3923,1)
(3924,2)
(3925,1)
(3926,2)
(3927,1)
(3928,1)
(3929,7)
(3930,4)
(3931,1)
(3932,13)
(3933,1)
(3934,58)
(3935,1)
(3936,4)
(3937,1)
(3938,6)
(3939,5)
(3940,1)
(3941,17)
(3942,1)
(3943,1)
(3944,1)
(3945,63)
(3946,1)
(3947,4)
(3948,2)
(3949,1)
(3950,2)
(3951,14)
(3952,1)
(3953,3)
(3954,5)
(3955,1)
(3956,1)
(3957,61)
(3958,1)
(3959,1)
(3960,3)
(3961,5)
(3962,2)
(3963,3)
(3964,1)
(3965,2)
(3966,11)
(3967,1)
(3968,2)
(3969,3)
(3970,1)
(3971,1)
(3972,2)
(3973,7)
(3974,2)
(3975,1)
(3976,2)
(3977,4)
(3978,1)
(3979,10)
(3980,1)
(3981,5)
(3982,1)
(3983,2)
(3984,2)
(3985,1)
(3986,5)
(3987,1)
(3988,1)
(3989,5)
(3990,1)
(3991,1)
(3992,7)
(3993,1)
(3994,1)
(3995,4)
(3996,11)
(3997,1)
(3998,1)
(3999,1)
(4000,3)
(4001,2)
(4002,6)
(4003,1)
(4004,3)
(4005,2)
(4006,1)
(4007,4)
(4008,6)
(4009,2)
(4010,1)
(4011,7)
(4012,1)
(4013,17)
(4014,12)
(4015,1)
(4016,1)
(4017,7)
(4018,7)
(4019,1431)
(4020,5)
(4021,1)
(4022,10)
(4023,2)
(4024,4)
(4025,9)
(4026,1)
(4027,7)
(4028,2)
(4029,2)
(4030,5)
(4031,1)
(4032,1)
(4033,1)
(4034,3)
(4035,1)
(4036,8)
(4037,1)
(4038,1)
(4039,1)
(4040,1)
(4041,17)
(4042,1)
(4043,1)
(4044,1)
(4045,1)
(4046,1)
(4047,3)
(4048,1)
(4049,1)
(4050,2)
(4051,3)
(4052,73)
(4053,7)
(4054,4)
(4055,1)
(4056,2)
(4057,1)
(4058,5)
(4059,1)
(4060,2)
(4061,1)
(4062,1)
(4063,1)
(4064,2)
(4065,3)
(4066,4)
(4067,6)
(4068,1)
(4069,1)
(4070,1)
(4071,3)
(4072,1)
(4073,2)
(4074,10)
(4075,21)
(4076,9)
(4077,3)
(4078,1)
(4079,5)
(4080,1)
(4081,1)
(4082,7)
(4083,6)
(4084,3)
(4085,4)
(4086,19)
(4087,11)
(4088,1)
(4089,1)
(4090,1)
(4091,6)
(4092,5)
(4093,3)
(4094,1)
(4095,8)
(4096,4)
(4097,2)
(4098,1)
(4099,1)
(4100,1)
(4101,1)
(4102,2)
(4103,1)
(4104,2)
(4105,4)
(4106,12)
(4107,3)
(4108,6)
(4109,1)
(4110,1)
(4111,5)
(4112,1)
(4113,1)
(4114,1)
(4115,1)
(4116,1)
(4117,1)
(4118,3)
(4119,9)
(4120,1)
(4121,1)
(4122,92)
(4123,3)
(4124,26)
(4125,1)
(4126,212)
(4127,2)
(4128,1)
(4129,2)
(4130,2)
(4131,1)
(4132,1)
(4133,2)
(4134,1)
(4135,1)
(4136,1)
(4137,1)
(4138,2)
(4139,5)
(4140,6)
